prob_class_0,prob_class_1,prob_class_2,prob_class_3,prob_class_4,prob_class_5,prob_class_6,prob_class_7,prob_class_8,prob_class_9,prob_class_10,prob_class_11,prob_class_12,prob_class_13,prob_class_14,prob_class_15,prob_class_16,prob_class_17,prob_class_18,true_label
0.003772925,0.0016539232,0.0007202917,0.004199345,0.0019309656,0.0010718239,0.0013362939,0.0056508314,0.0016439477,0.0009122584,0.0030627185,0.0058703753,0.0015395441,0.0024956116,0.0041691954,0.0014703467,0.95589876,0.0013380932,0.0012627463,16
0.011041123,0.108016565,0.82039165,0.002266371,0.0040937453,0.0013133727,0.002833011,0.0030867015,0.0034852528,0.0063740197,0.0044302074,0.0032720182,0.003263912,0.0045273458,0.010898008,0.0031172098,0.0029612842,0.0028368258,0.0017913583,2
0.0018972052,0.0020529805,0.000942137,0.0013640943,0.0011441868,0.0011328362,0.0007918162,0.0033483815,0.00097411586,0.0005413355,0.0012361597,0.0029232355,0.00091225136,0.0010279319,0.003352983,0.0008712487,0.9742056,0.0007928828,0.0004885785,16
0.9978561,6.793038e-05,0.0003819317,0.00012076016,0.00012550593,4.9552025e-05,8.6854365e-05,9.463201e-05,0.00010446237,0.00024617033,0.00012874801,0.00010031343,0.00010006491,5.913601e-05,0.00012443011,9.5567324e-05,9.078696e-05,8.697132e-05,8.009056e-05,0
5.143341e-05,0.9990369,6.1688195e-05,0.00018216495,4.3527547e-05,0.00020719858,3.0122543e-05,3.0509462e-05,3.6229256e-05,2.9186027e-05,7.1992785e-05,3.4790373e-05,3.4704182e-05,1.7415345e-05,1.7759441e-05,3.3144344e-05,3.208801e-05,3.0163133e-05,1.9046976e-05,1
0.00054945674,0.0009658028,0.0004324238,0.00035879805,0.0006174889,0.00044238343,0.00072579907,0.00046558955,0.0027663577,0.0021086968,0.0009299513,0.00049354194,0.0004923192,0.98327833,0.0017391433,0.0004701911,0.0004552058,0.00042789898,0.0022806374,13
0.9875902,0.00047894777,0.0023034448,0.00065608334,0.00064966443,0.00021281735,0.00044958986,0.00048984995,0.000540735,0.0015282322,0.0010185592,0.0005192589,0.00051797245,0.0005621817,0.0006440956,0.0004946913,0.00047892515,0.00045019548,0.00041457795,0
0.99870956,5.3789263e-05,6.7579545e-05,3.850291e-05,6.954782e-05,9.075315e-05,0.00012986171,4.8747628e-05,5.78867e-05,0.00011895718,7.134433e-05,0.00017768469,5.544995e-05,6.0182603e-05,6.895161e-05,5.295766e-05,5.030867e-05,4.819427e-05,2.9697549e-05,0
0.0015706156,0.99559206,0.0003776861,0.0003632378,0.00013988561,0.0005641144,9.6805605e-05,9.804905e-05,0.000116430914,0.00019385277,0.00014349901,0.000111806716,0.00011152973,6.949868e-05,8.647551e-05,0.00010651683,0.000101188765,9.693604e-05,5.973247e-05,1
0.0005071419,0.00071639696,0.0014088685,0.00091369235,0.0008697478,0.00356355,0.0010223051,0.9797998,0.0039855726,0.00076567737,0.0008570438,0.0006951654,0.00084094174,0.00075103145,0.0005608085,0.0006622753,0.0010967215,0.0006027058,0.00038058808,7
0.0035089264,0.010128054,0.9809325,0.00024533542,0.00044314936,0.0001713549,0.00030667428,0.00033413668,0.00037727985,0.0005397076,0.00045459665,0.00035419708,0.0003533196,0.00022016781,0.00047630802,0.00033743904,0.00032056018,0.0003070875,0.00018922884,2
0.00015422219,5.8496797e-05,5.3063854e-05,0.0001822447,0.00012972279,0.0004543322,8.977258e-05,0.00040837366,0.0005811596,0.0010162385,0.0010256545,0.000103683844,0.00010342698,0.9845702,0.010635787,9.877828e-05,0.00018958477,8.989354e-05,5.5392844e-05,13
0.94949085,0.02473709,0.008352213,0.0017758643,0.001380126,0.0004521023,0.0009550941,0.0010406214,0.0011749847,0.0017233011,0.0012891436,0.0011030968,0.0011003639,0.00068568124,0.00085317605,0.0010509063,0.0009983394,0.0009563806,0.000880716,0
0.00095906126,0.0009547448,0.00059491594,0.000316883,0.00031378283,0.00043030374,0.0002171484,0.00023659361,0.001437893,0.00048162238,0.000518984,0.00025079798,0.00025017664,0.97862554,0.012564866,0.00023893206,0.00023131711,0.00021744079,0.0011589275,13
0.0001036645,9.640246e-05,5.7633253e-05,0.9972932,0.000121946665,0.00068525464,8.4391235e-05,8.547523e-05,0.0001023347,7.057725e-05,0.00017408999,9.746861e-05,9.722714e-05,0.00018336976,4.0258525e-05,9.28571e-05,8.989768e-05,8.450495e-05,0.00043951362,3
0.00075383065,0.33547643,0.64773315,0.0008349637,0.0014369661,0.00046101358,0.0009944295,0.0010834797,0.0011960303,0.0006321183,0.0021641022,0.0011485275,0.0011456821,0.0005749293,0.0005862894,0.0010941875,0.001059315,0.0009957694,0.000628794,2
0.00010858934,8.771779e-05,8.701068e-05,0.9955686,0.00021157625,0.00045013023,0.00014641797,0.00014829867,0.00017610114,0.00011220806,0.00030204438,0.00016910706,0.00016868812,0.00023996347,0.00033738895,0.00016110616,0.00061594346,0.00014661525,0.00076255173,3
6.883753e-05,0.9986883,0.00011941122,0.00022746528,5.435182e-05,0.00025872423,3.7613307e-05,3.8096445e-05,4.5238663e-05,5.3877906e-05,8.989578e-05,4.3441956e-05,4.333429e-05,5.0311533e-05,3.825609e-05,4.1386556e-05,4.0067578e-05,3.766399e-05,2.378351e-05,1
0.99117833,0.00080838613,0.003335824,0.0005050026,0.00039246655,0.000154953,0.00027160032,0.0002959216,0.0003266616,0.00040752834,0.00036659383,0.00031368755,0.00031291074,8.427919e-05,0.00014063764,0.00029884643,0.00028389785,0.00027196604,0.00025044914,0
0.9872541,0.00037278494,0.004396596,0.00057523994,0.0005978466,0.00019584295,0.0004137302,0.00045077913,0.00049760554,0.0011198341,0.00061328994,0.00047784235,0.00047665852,0.00028169397,0.000592722,0.00045523432,0.00043246307,0.0004142875,0.00038151085,0
0.0006825755,0.0005853972,0.0004775376,0.0007744942,0.00015324233,0.9939626,0.0001060489,0.000107411084,0.00012859727,0.0001638828,0.00025303342,0.00039151247,0.00012217894,0.00021793984,7.851209e-05,0.0001166874,0.0015067193,0.0001061917,6.543591e-05,5
0.0003659816,0.0014696358,0.0009276229,0.00022121763,0.0003995852,0.00015450978,0.00027652655,0.00030128923,0.00033258664,0.0012720572,0.00043242684,0.00031937743,0.0003185862,0.08923739,0.9029261,0.0003042668,0.0002890471,0.00027689914,0.00017485225,14
0.0005512923,0.0012241603,0.00084669737,0.0047890325,0.0002502601,0.98913705,0.0001731885,0.00017541292,0.00021001227,0.00021608878,0.00039236352,0.0006393789,0.00019953046,0.00039120676,0.00014906721,0.00019056223,0.0001844887,0.00017342171,0.000106863314,5
0.004224478,0.0026425913,0.0010460815,0.0014231232,0.0013663742,0.96361965,0.0025513333,0.003998597,0.0011728457,0.0013901739,0.0013464168,0.0010921052,0.0010893997,0.0027188512,0.001598793,0.0010404347,0.0058383197,0.00094685104,0.0008935343,5
0.026560118,0.49723336,0.34675366,0.012245776,0.011656813,0.004602324,0.008066911,0.008789292,0.00992415,0.006686821,0.011486548,0.009316971,0.009293888,0.0025394969,0.0043569254,0.008876158,0.008432165,0.008077777,0.0051008374,1
0.0003902156,0.0007001173,0.0005554448,0.0006077378,0.00018464967,0.9937109,0.00012778386,0.00012942521,0.00015495355,0.00010018991,0.00019949232,0.00047175382,0.00014721978,0.0002626071,9.460331e-05,0.00014060274,0.0018155247,0.00012795592,7.8847144e-05,5
0.0010619818,0.0009210377,0.00089949765,0.0012648469,0.00038429984,0.99137914,0.0002659487,0.00026936448,0.00032986898,0.00014787614,0.00035896554,0.0009818317,0.00030639948,0.0001413839,0.00014402925,0.00029262784,0.00042049531,0.0002663068,0.00016409956,5
0.86262923,0.0049052183,0.0031292099,0.0015546907,0.0015394806,0.000607815,0.0010653731,0.001160775,0.001281355,0.11225207,0.00231849,0.0012304645,0.0012274161,0.0003353838,0.00071537803,0.0011722479,0.0011348875,0.0010668075,0.00067365245,9
0.9420899,0.009456765,0.02068527,0.0003578439,0.0006463734,0.0008205933,0.00044731237,0.019612376,0.00053799583,0.00034138348,0.00066307024,0.0016513926,0.00062496576,0.0001388039,0.0002422501,0.00049218535,0.00046756602,0.0004479149,0.00027600737,0
0.001118676,0.0015174152,0.00073419575,0.00056181103,0.00082376844,0.010965776,0.00057007576,0.000577398,0.00070709275,0.000343394,0.0008117364,0.9778286,0.0006567842,0.000307457,0.00032135783,0.000627264,0.00059588795,0.00057084364,0.00036046805,11
0.00075866893,0.00031763193,0.003538537,0.0010908301,0.0010383665,0.0007701244,0.0007185848,0.0007829331,0.98134273,0.0030852074,0.0010651891,0.0008299377,0.00082788157,0.00070158445,0.00042706888,0.00079067104,0.0007511213,0.0007195528,0.000443392,8
0.000104454026,3.967631e-05,7.4893374e-05,0.99627507,0.00012182217,9.450117e-05,0.0010518982,8.538797e-05,0.000101396174,6.256997e-05,0.00017391225,9.7369106e-05,9.712788e-05,0.00048600172,0.00016308449,9.2762304e-05,0.00035465023,8.441868e-05,0.00043906493,3
0.0010742464,0.00037202684,0.0005918543,0.00202667,0.0010269271,0.0006341137,0.0010474419,0.0006246155,0.00076491624,0.00113966,0.00087811734,0.00071225833,0.00071049377,0.00033259974,0.0003967535,0.96931267,0.00065693323,0.0029834385,0.014714271,15
0.0016449427,0.00072256644,0.002550945,0.0014076161,0.0011249315,0.0011137725,0.0007784908,0.003292032,0.0009577222,0.0004029103,0.0012153564,0.0028740407,0.0008968992,0.0010106328,0.0017804382,0.00085658656,0.97611016,0.0007795394,0.00048035607,16
0.0062292046,0.009233883,0.079646125,0.015917439,0.015151887,0.0048610927,0.010485621,0.011424594,0.012611367,0.020111054,0.014153023,0.012110486,0.012080483,0.27588606,0.45110098,0.011537506,0.010960389,0.010499746,0.015999058,14
0.00015524987,0.99438983,0.002706261,0.00044103162,0.00016984453,0.0006708029,0.000117538184,0.000119047945,0.00014136673,0.000101080164,0.00017423197,0.00013575218,0.00013541573,3.6472866e-05,6.365496e-05,0.00012932926,0.0001228602,0.00011769657,7.252521e-05,1
5.536015e-05,0.9991873,9.940206e-05,0.000104854524,4.0380284e-05,0.00015948217,2.794453e-05,2.8303444e-05,3.437816e-05,2.2216751e-05,4.1423355e-05,3.2274816e-05,3.219489e-05,8.6713535e-06,2.068841e-05,3.074784e-05,2.9209803e-05,2.7982158e-05,1.7242744e-05,1
0.9977582,0.0004207153,0.00015143222,0.000103445134,0.00010751054,0.00014029094,0.00020074678,7.535661e-05,8.948419e-05,7.734276e-05,0.00011634676,0.00032684542,8.571733e-05,2.3421726e-05,4.194063e-05,8.186462e-05,7.776968e-05,7.450121e-05,4.7044938e-05,0
0.0028676358,0.44683933,0.5331179,0.0008758888,0.0015821169,0.0006117658,0.0010948788,0.0011929235,0.0013469525,0.0008675894,0.0017121502,0.0012645426,0.0012614098,0.00034467236,0.00088243186,0.0012047136,0.0011444526,0.0010963536,0.00069230975,2
0.00010455281,3.9713832e-05,7.49642e-05,0.9972172,0.00012193737,0.000117377574,8.438481e-05,8.546872e-05,0.000101492056,6.2629144e-05,0.00017407672,9.746118e-05,9.721973e-05,0.00048646133,0.00016323871,9.285003e-05,0.00035498562,8.449851e-05,0.00043948012,3
0.00010858934,8.771779e-05,8.701068e-05,0.9955686,0.00021157625,0.00045013023,0.00014641797,0.00014829867,0.00017610114,0.00011220806,0.00030204438,0.00016910706,0.00016868812,0.00023996347,0.00033738895,0.00016110616,0.00061594346,0.00014661525,0.00076255173,3
0.0036572097,0.04663074,0.92282563,0.0012311148,0.0021187393,0.00067974295,0.0014662396,0.00159754,0.0017634906,0.0024737192,0.0033218109,0.0016934499,0.0016892544,0.0019332189,0.0013698695,0.0016133281,0.0015619103,0.0014682153,0.00090472156,1
0.00012093366,0.00010076604,8.685209e-05,0.99375397,0.0002111906,0.0030820826,0.00014615108,0.00014802837,0.0001812784,9.684311e-05,0.00030149386,0.00016879884,0.00016838065,0.00012618129,8.305009e-05,0.0001608125,0.00015568729,0.00014634801,0.00076116185,3
9.9899575e-05,9.3649825e-05,4.181076e-05,0.9963043,0.00013225018,0.00010259049,0.0011419411,9.26972e-05,0.00011007571,8.525369e-05,0.00018879918,0.000105703926,0.00010544205,0.0001306972,0.00021089205,0.00010070278,0.00038500837,9.164494e-05,0.000476649,3
0.0001111819,8.6820495e-05,0.00013423778,0.9955947,0.00021158179,0.00045014205,0.0001464218,0.00014830257,0.00018013245,8.710637e-05,0.0003020523,0.0001691115,0.00016869255,0.00023996976,0.00028324657,0.00016111038,0.0006159596,0.00014661909,0.00076257176,3
0.00034773818,0.00089363847,0.0011764257,0.0014775498,0.0011046028,0.0011324458,0.0011266691,0.0007227418,0.0007978194,0.00043268816,0.0010373192,0.0007661327,0.0007642347,0.0042376677,0.0016450202,0.003741113,0.0027905067,0.9715228,0.0042828717,17
0.99698204,0.0002645199,0.00024790905,9.463175e-05,0.00016286067,0.00021251732,0.00030409812,0.00011415268,0.00013555371,0.00015416514,0.00023249822,0.00041608576,0.00012984755,6.422944e-05,5.835995e-05,0.00012401133,0.000120058896,0.00011285688,6.954296e-05,0
0.0010132443,0.00056042406,0.00038958405,0.9735665,0.00093580765,0.013270469,0.00064761075,0.0006559292,0.00078530726,0.00073109806,0.0013359508,0.0018563429,0.0007461123,0.00034428344,0.0005261519,0.000712577,0.00067693327,0.00064848305,0.00059717795,3
0.0010418742,0.0013356939,0.022381095,0.00061521865,0.0009792151,0.0008310313,0.00067765015,0.96119267,0.00081502995,0.0007741514,0.0010596967,0.0007826597,0.000946784,0.00085652515,0.0030417074,0.00074562995,0.00081629946,0.00067856297,0.0004284891,7
0.0022041006,0.017806357,0.0214473,0.00095076184,0.0017173609,0.0005509711,0.0011884721,0.0012948975,0.0014620932,0.93485844,0.002692519,0.0013726393,0.0013692387,0.0018721245,0.0036593454,0.001307696,0.0012422838,0.0011900725,0.0018133819,9
0.0009138429,0.00047225703,0.00056795066,0.0005044756,0.0001532754,0.9941771,0.000106071784,0.000107434265,0.00012862502,9.764609e-05,0.00016559608,0.00039159696,0.00012220531,0.00021798689,7.852903e-05,0.00011671258,0.0015070444,0.00010621461,6.545003e-05,5
2.8507278e-05,0.0020374982,0.99756444,1.8103832e-05,3.2700937e-05,1.2644649e-05,2.263016e-05,2.4656669e-05,2.721795e-05,2.2115843e-05,3.2223288e-05,2.6136957e-05,2.6072204e-05,1.648214e-05,2.3016892e-05,2.4900346e-05,2.365481e-05,2.2660653e-05,1.430942e-05,2
6.1661834e-05,0.9980702,0.0008687093,0.00015048706,5.795373e-05,0.00027586968,4.010595e-05,4.0621104e-05,4.933954e-05,3.3354696e-05,6.271691e-05,4.6320823e-05,4.6206067e-05,1.2625519e-05,3.232392e-05,4.4129254e-05,4.192187e-05,4.0159957e-05,2.535965e-05,1
0.0048110415,0.00093352085,0.0005668311,0.0045618173,0.0019622433,0.0014601601,0.0020014422,0.0011935098,0.0014615952,0.017571637,0.002669642,0.0013609766,0.001357605,0.0064797304,0.0006696094,0.006645804,0.0012552621,0.0057007275,0.93733686,18
0.00020752143,0.97826433,0.01869503,0.00041082114,0.00015821024,0.0007531085,0.000109486864,0.000110893205,0.00013168316,0.0001301747,0.0001712136,0.0001264532,0.0001261398,7.974216e-05,0.00011135791,0.00012047024,0.000114444316,0.0001096344,6.923033e-05,1
9.2165596e-05,8.639968e-05,3.857387e-05,0.997825,0.0001220117,0.00029718553,8.443624e-05,8.552081e-05,0.00010238927,7.865356e-05,0.00017418282,9.752059e-05,9.7278986e-05,6.352052e-05,4.7980742e-05,9.290662e-05,8.994562e-05,8.455001e-05,0.000439748,3
0.002749752,0.0011683926,0.001401328,0.00058774854,0.0008210997,0.01131542,0.0015331809,0.0005755274,0.0006890474,0.00023362706,0.0008091066,0.97466075,0.00065465644,0.00030646092,0.00033501262,0.0006252318,0.00060530525,0.00056899426,0.00035930026,11
0.0007520809,0.0004831958,0.0017380432,0.0006730326,0.0010475885,0.0008165217,0.0006291022,0.0028642537,0.0007628637,0.0011017993,0.0009837782,0.0021379031,0.98236406,0.00033929152,0.0004418111,0.00069221173,0.00065758696,0.00062994956,0.00088499516,12
0.0013415703,0.994713,0.0011441861,0.000119262455,0.00018982447,0.0005504741,0.0003544459,0.00013305234,0.00015799663,0.00010939776,0.0002054262,0.00015172162,0.00015134558,7.594865e-05,0.00010587543,0.00014454311,0.00013731307,0.000131542,8.306423e-05,1
0.003480525,0.052520066,0.91926533,0.0009845742,0.0017784361,0.00057056546,0.0012307384,0.0013409491,0.0015140902,0.0022493044,0.0016611957,0.0014214551,0.0014179335,0.0019387037,0.0039936774,0.0013542022,0.0012864643,0.0012323961,0.0007594086,2
0.0004121463,0.00055022055,0.0012581565,0.0011729378,0.0010329528,0.0006603113,0.0010535878,0.0006282805,0.00076940446,0.00082999415,0.00088326976,0.0007164376,0.00071466266,0.0003345513,0.00041739107,0.97500014,0.00066078786,0.0030009442,0.0099037485,15
0.98789144,0.0015241028,0.00035943367,0.0018211748,0.0007106461,0.00028057615,0.0004917913,0.00053583045,0.00059149193,0.0010189762,0.0011141677,0.00056799984,0.0005665927,0.00028026648,0.00023460729,0.00054112624,0.0005238802,0.0004924537,0.00045349292,0
0.023611348,0.47181013,0.48192006,0.00112254,0.0020276438,0.0007840396,0.0014031985,0.0015288529,0.0016876683,0.0016670777,0.002080021,0.0016206398,0.0016166248,0.0007996678,0.0010388423,0.0015439629,0.0014667332,0.0014050885,0.0008658225,2
0.0002243241,0.994052,0.0017589334,0.0008576167,0.0002049239,0.00080934895,0.00014181431,0.00014363589,0.0001705642,0.0002174116,0.00032128472,0.00016379004,0.00016338426,0.00010181135,0.00013249343,0.00015604068,0.00015106756,0.0001420054,8.7504435e-05,1
0.016236342,0.22010319,0.70930016,0.0028013114,0.0050600083,0.0019977842,0.0035016977,0.00381527,0.0043078912,0.0030750062,0.0049861018,0.004044325,0.004034306,0.001102349,0.0024004572,0.0038529772,0.0036602495,0.0035064146,0.0022141798,2
0.0004209968,0.00075896265,0.00028630169,0.00021097339,0.00028496093,0.00011250787,0.00019720267,0.00021486198,0.00023718138,0.0014329796,0.00028079865,0.00022776144,0.00022719718,0.007976596,0.9863854,0.00021698541,0.00020613162,0.0001974684,0.00012469447,14
0.0004099585,0.060825735,0.93538225,0.00015133456,0.00026044584,0.00010070802,0.00018023739,0.00019637748,0.00021677674,0.000320433,0.0004307668,0.0002081672,0.00020765148,0.00024108539,0.00018331752,0.00019831824,0.00019199771,0.00018048026,0.00011396705,2
0.6449261,0.012215276,0.0024233717,0.013675403,0.0053363196,0.0017480747,0.0036929143,0.0040236115,0.00444158,0.27269432,0.008826058,0.004265173,0.0042546066,0.0011625447,0.002284506,0.0040633758,0.0039338735,0.0036978906,0.0023350902,0
0.00082563685,0.0032060423,0.0038358914,0.00065646745,0.0009955231,0.0007009889,0.0006889358,0.97720045,0.0008286035,0.0006045398,0.0010212391,0.0007956942,0.0009625518,0.002402463,0.0025562868,0.00075804774,0.00084575004,0.0006898638,0.00042509747,7
0.99504083,0.00021739407,0.00030015892,0.0002977958,0.0002948824,0.00011642494,0.00020406864,0.0002223426,0.0002454393,0.0007455877,0.00046232337,0.00023569116,0.00023510748,0.00025517392,0.00029235444,0.00022454018,0.00021738371,0.00020434344,0.00018817658,0
0.0005782737,0.00079798885,0.0012974483,0.00060424936,0.001039909,0.000639921,0.0012223133,0.0007840962,0.9828006,0.002350933,0.001719967,0.00083117065,0.00082911144,0.0008979665,0.00087188545,0.00079184567,0.0007666089,0.0007206218,0.00045504776,8
0.0024356688,0.00044620768,0.0009918488,0.0013461165,0.0009656616,0.0019756577,0.9814904,0.00067685446,0.0008103599,0.0010185038,0.0013785699,0.0019155635,0.00076991454,0.0003552667,0.00034603805,0.00073530944,0.0010566127,0.0006691708,0.0006162289,6
0.0013391984,0.9960377,0.0003374728,0.00036286225,0.00013974098,0.0005635311,9.670551e-05,9.7947675e-05,0.00011897,8.6529486e-05,0.00013052873,0.00011169112,0.00011141441,3.0008323e-05,7.159482e-05,0.000106406704,0.000101084144,9.683582e-05,5.967071e-05,1
4.0611878e-05,0.0002356476,0.9991937,2.6185464e-05,4.5064982e-05,1.445794e-05,3.11865e-05,3.3979188e-05,3.836656e-05,3.491713e-05,6.433437e-05,3.60192e-05,3.5929963e-05,2.2389413e-05,2.9136736e-05,3.431503e-05,3.3221386e-05,3.1228494e-05,1.9243169e-05,2
0.00042709458,0.057234056,0.9385545,0.00018416038,0.00033264872,0.000106721775,0.00023020421,0.00025081882,0.0002832041,0.00022894227,0.00031071925,0.00026587697,0.00026521826,0.00016526823,0.000294012,0.0002532976,0.00024062741,0.00023051442,0.00014204413,2
0.00032388142,0.0011745549,0.00024094155,0.00020755114,0.9940215,0.0002780137,0.00025944316,0.00026277563,0.00031460685,0.00037838265,0.0003694238,0.00029964704,0.00029890443,0.00013992464,0.000249078,0.00028546966,0.00027119048,0.00025979272,0.00036497417,4
0.000124775,0.00011383018,0.0002718992,0.9941332,0.0002753636,0.0005737557,0.00019056097,0.00019300869,0.00022919345,9.558004e-05,0.00039310683,0.00022009075,0.0002195453,0.00031230945,0.00045925326,0.00020967746,0.0008016423,0.00019081775,0.0009924512,3
0.0003692243,0.00096071966,0.00045734167,0.0013423271,0.0010490742,0.0006784284,0.0006299943,0.0028683157,0.00078141264,0.0008555014,0.0009338676,0.0017473102,0.9837572,0.0003349182,0.0003744178,0.0006931934,0.0006711008,0.00063084293,0.00086483243,12
0.00036356074,0.00052987575,0.00019438313,0.00020769576,0.9947141,0.00027820742,0.00025962392,0.00026295873,0.00032202434,0.00032739385,0.0003696812,0.00029985583,0.0002991127,0.00014002212,0.00024925155,0.0002856686,0.00027137945,0.00025997375,0.00036522848,4
0.98974496,0.0014451015,0.0017601647,0.0005326,0.00055353093,0.00021854408,0.0003830622,0.0004173649,0.0004607203,0.00069150864,0.0005990253,0.00044242202,0.00044132597,0.00026459375,0.00059743127,0.00042148985,0.0004004065,0.00038357824,0.00024221651,0
0.99438405,0.0001112463,0.000933915,0.0003146898,0.0003116111,0.00012302973,0.00021564547,0.00023495611,0.00025936306,0.0007878849,0.00048855104,0.00024906194,0.00024844514,0.0001468251,0.00030893972,0.00023727835,0.00022971591,0.00021593584,0.00019885185,0
0.0007852156,0.0008430033,0.0042298837,0.0005738173,0.0010364861,0.00076872983,0.00071728363,0.0007815153,0.97956574,0.0035556708,0.0016250274,0.00082843483,0.0008263824,0.000700314,0.00046272352,0.0007892393,0.0007497612,0.0007182498,0.00044258908,8
0.0016511102,0.0031595165,0.0010703644,0.00056006486,0.00082120806,0.011316913,0.0005683039,0.00057560334,0.00068913837,0.00028867403,0.00080921344,0.97478944,0.0006547429,0.00056290155,0.00033505686,0.00062531437,0.0005940359,0.0005690694,0.00035934767,11
0.00035342175,0.00039375908,0.00058886386,0.0012795029,0.0010495415,0.0006787306,0.000630275,0.0028695934,0.0007817608,0.0009383957,0.0009342836,0.0017480886,0.9841955,0.0003350674,0.0003745846,0.00069350225,0.00065881293,0.000631124,0.0008652177,12
0.0023206945,0.00044637328,0.00081723696,0.0014133651,0.00096602,0.0019763908,0.9818547,0.0006771057,0.00081066065,0.0008516531,0.0013790815,0.0019162744,0.0007702003,0.00035539854,0.0003461665,0.0007355824,0.0010771995,0.0006694192,0.00061645766,6
0.00075836014,0.00034098327,0.0006840049,0.9793449,0.0011592944,0.004693224,0.0013626394,0.00081257574,0.00097285234,0.0011097086,0.0016549984,0.0022251257,0.0009242965,0.00042650415,0.0004948462,0.0008827525,0.00085461856,0.00080335187,0.0004950294,3
9.8795696e-05,0.00012150849,0.000100151105,0.9955842,0.00021157957,0.00045013728,0.00014642025,0.000148301,0.0001761039,0.00011351768,0.00030204913,0.00016910971,0.00016869076,0.00023996722,0.00028324357,0.00016110868,0.00061595306,0.00014661755,0.0007625637,3
5.1646613e-05,0.0009954894,0.99818987,3.6244655e-05,6.237678e-05,2.0011983e-05,4.3166852e-05,4.70324e-05,5.1918076e-05,5.3021548e-05,8.904862e-05,4.9856088e-05,4.9732524e-05,5.6914963e-05,4.0329665e-05,4.7497215e-05,4.598349e-05,4.322502e-05,2.663547e-05,2
0.00031474035,0.0005285529,0.0001174085,0.00093355926,0.00018471511,0.9940631,0.00012782915,0.0001294711,0.00015855265,9.62566e-05,0.0002777203,0.00047192103,0.00014727196,0.00019057843,9.463684e-05,0.00014065257,0.0018161681,0.00012800128,7.887509e-05,5
0.9922092,0.0029004524,0.0019297699,0.00011010345,0.00019887993,0.00025416666,0.0003713542,0.0001393994,0.00016553362,9.814232e-05,0.00021522575,0.00060461974,0.00015856545,4.332698e-05,8.114393e-05,0.00015143845,0.00014386338,0.000137817,8.702668e-05,0
0.00020557502,0.000433767,0.0003445529,0.0002909434,0.9927422,0.00027902957,0.0004400914,0.001179705,0.00031420196,0.0003644,0.00058701995,0.0007186484,0.00036201658,0.0002529793,0.00016715284,0.00028510226,0.00041750906,0.00025945838,0.00035569552,4
0.00011247013,0.00010459122,6.252883e-05,0.9967192,0.00013230526,0.00010263322,9.1559734e-05,9.2735805e-05,0.00011012155,7.657233e-05,0.0001888778,0.000105747946,0.00010548597,0.00052782334,0.0001771183,0.00010074472,0.0003851687,9.168311e-05,0.00071262266,3
0.0012353259,0.00078137656,0.00026200103,0.00039980575,0.00039589417,0.00065434113,0.00046533564,0.00029850603,0.0018141638,0.0019335335,0.0006547928,0.00031642718,0.00031564353,0.9701366,0.015852865,0.00030145643,0.0002918485,0.00027434126,0.0036157353,13
0.00011287577,0.00013167562,0.00025060668,0.0005263196,0.9933258,0.00027919363,0.00044035015,0.0011803985,0.00031438668,0.00016254652,0.0004054286,0.0008810594,0.00036222942,0.0001398267,0.00016774246,0.0002852699,0.00040992256,0.0002596109,0.00036471876,4
0.00020633839,0.0013710427,0.9974706,4.4447588e-05,7.649403e-05,2.9578363e-05,5.293647e-05,5.7676883e-05,6.366823e-05,7.634208e-05,0.0001092022,6.113957e-05,6.0988106e-05,6.979609e-05,4.9457165e-05,5.8246893e-05,5.6390523e-05,5.30078e-05,3.266367e-05,2
0.0005881861,0.0010386553,0.002113314,0.0007057627,0.0010466534,0.00081579277,0.0006285405,0.0028616968,0.0007796094,0.001065322,0.0009828999,0.0021359944,0.98148704,0.0003389886,0.0005367941,0.0006915938,0.00066955213,0.0006293872,0.0008842051,12
0.0004912784,0.00041889155,0.0008423565,0.0014823177,0.0011081672,0.0010040831,0.0011303048,0.00072507403,0.00080039393,0.0007029133,0.0008982368,0.000768605,0.0007667008,0.0020078453,0.0014494526,0.003753185,0.0027995114,0.97465783,0.0041928524,17
4.5290286e-05,0.99695337,0.0019724218,0.0002124257,5.075823e-05,0.00024161788,3.5126424e-05,3.5577614e-05,4.2247568e-05,3.7548e-05,7.644299e-05,4.0569656e-05,4.046915e-05,4.6985075e-05,3.5726705e-05,3.8650196e-05,3.7418384e-05,3.5173754e-05,2.221101e-05,1
0.0022673775,0.00053535606,0.0013518009,0.0013458868,0.00096549676,0.0019753205,0.9813229,0.000676739,0.0008287472,0.001018142,0.0013783346,0.0019152365,0.0007697831,0.00035520605,0.00042073487,0.00073518394,0.0010564324,0.0006690566,0.00041227616,6
0.00017372721,0.016191537,0.0062163873,0.00044743327,0.0004259137,0.0002223584,0.00029474674,0.00032114075,0.00036260622,0.00014100046,0.97272563,0.0003404211,0.0003395777,0.000233298,0.00021827857,0.00032431484,0.0005401279,0.00029514363,0.00018637319,10
0.00010864583,9.014316e-05,8.7055945e-05,0.9960865,0.0002116863,0.00051560724,0.00014649413,0.00014837582,0.00017764205,0.00011226643,0.00030220152,0.00016919505,0.00016877588,0.0003653078,8.3245024e-05,0.00016118996,0.00015605272,0.00014669151,0.0007629485,3
8.814223e-05,0.00017554605,0.99904543,3.2441214e-05,5.859853e-05,1.879983e-05,4.0552175e-05,4.4183544e-05,4.8773323e-05,6.442526e-05,9.187221e-05,4.683619e-05,4.672016e-05,2.3110253e-05,2.1961774e-05,4.4620243e-05,4.2388296e-05,4.060678e-05,2.5022124e-05,2
0.006054282,0.0024488238,0.00022635015,0.00085963437,0.00044858787,0.00017711075,0.00031043793,0.00033823735,0.00038190998,0.98507255,0.00046017565,0.00035854394,0.0003576557,0.00048901327,0.0008419711,0.00034158025,0.00033069385,0.00031085624,0.00019155114,9
0.9881108,0.0003273782,0.0029438972,0.00061308476,0.0006371787,0.00020872729,0.00044094934,0.00048043573,0.0005303428,0.0011935076,0.0006536381,0.0005092794,0.00050801766,0.00055137725,0.0006317169,0.00048518396,0.0004609149,0.00044154332,0.00027208118,0
0.023813194,0.016388249,0.0039569833,0.009805053,0.009709123,0.003833342,0.006719043,0.007320727,0.0082659675,0.036314853,0.014622148,0.007760234,0.007741009,0.1918836,0.62633926,0.0073930766,0.0071574533,0.006728097,0.004248561,14
0.00039477606,0.0002584357,0.0004380195,0.00020763952,0.9944448,0.00033522042,0.00025955364,0.00026288754,0.0003147408,0.00045797793,0.00040588528,0.00029977463,0.0002990317,0.0002570864,0.00018228157,0.00028559123,0.00027130597,0.00025990335,0.00036512958,4
0.000576376,0.00021750169,0.99824286,4.8551043e-05,8.769779e-05,3.3910546e-05,6.068985e-05,6.612451e-05,7.299345e-05,6.743609e-05,8.996313e-05,7.009436e-05,6.992077e-05,3.4586497e-05,3.286767e-05,6.677807e-05,6.343777e-05,6.0771574e-05,3.7447742e-05,2
0.0007100641,0.00055230176,0.00054876227,0.9746684,0.0008926211,0.013154152,0.00061772414,0.0006256587,0.0007490661,0.0004894548,0.0012742981,0.0017706746,0.0007116799,0.00060310995,0.00029468298,0.0006796923,0.00065803004,0.0006185563,0.0003811576,3
0.000462152,0.0024697708,0.0014372582,0.0009109204,0.0008671091,0.000452695,0.000600069,0.9768273,0.0007382228,0.00053246535,0.0008544437,0.00069305644,0.0008383905,0.0073720445,0.0025806543,0.0006602661,0.00072284497,0.00060087733,0.00037943345,7
0.00036851896,0.0006014742,0.0007995124,0.0011730354,0.0010330387,0.00066036626,0.0010536754,0.00062833284,0.00076946855,0.0011113291,0.0009701148,0.0007164972,0.0007147221,0.00033457915,0.00041742582,0.9750813,0.00066084287,0.003001194,0.009904574,15
0.0006569439,0.0025273445,0.00032989657,0.0005167569,0.97527814,0.00017501095,0.00043234942,0.0011589519,0.00030615623,0.013298859,0.00039806237,0.0008650514,0.0025927338,0.00014716866,0.00015747013,0.00028008682,0.00026607688,0.00025489405,0.0003580922,4
0.99504083,0.00021739407,0.00030015892,0.0002977958,0.0002948824,0.00011642494,0.00020406864,0.0002223426,0.0002454393,0.0007455877,0.00046232337,0.00023569116,0.00023510748,0.00025517392,0.00029235444,0.00022454018,0.00021738371,0.00020434344,0.00018817658,0
0.00079407066,0.020613318,0.96659964,0.0006269715,0.0010790136,0.00034617374,0.0007467141,0.0008135812,0.00089809514,0.00056384184,0.0015403902,0.00086242583,0.00086028926,0.0004255444,0.0004043965,0.00082162215,0.00079543644,0.0007477199,0.00046074894,1
0.00034854095,0.011168889,0.0025104631,0.00014196479,0.00025643088,0.00013387598,0.00017745887,0.00019335015,0.00021343514,0.00023377126,0.9830015,0.00020495833,0.00020445035,0.00025796436,0.00014264975,0.00019526099,0.00032519628,0.00017769799,0.000112210146,10
0.0005003574,0.002000247,0.0007207188,0.00040740307,0.00034172492,0.9917075,0.00063807867,0.00023952276,0.0002933242,0.00017021192,0.0005146449,0.0010388867,0.00027245478,0.00012754278,0.00013358532,0.00026020885,0.00024719298,0.00023680381,0.00014953343,5
0.0012178152,0.00044657636,0.0018741819,0.0013472288,0.00096645945,0.0016405557,0.98230135,0.0006774137,0.00081102946,0.00086818874,0.0013797089,0.0019171461,0.0007705507,0.00035556025,0.00034632397,0.000735917,0.0010574858,0.0006697237,0.0006167381,6
0.0010893479,0.0016195395,0.014821984,0.00017193449,0.00029589795,0.00013087173,0.00020477142,0.00022310852,0.0002462848,0.00029583077,0.9790509,0.0002365033,0.00023591715,0.00029341443,0.00014456936,0.00022531347,0.00038241642,0.00020504736,0.0001263512,10
0.0011159566,0.003526602,0.00084294204,0.00056044536,0.0008217659,0.011324601,0.00056868995,0.0005759944,0.0007053739,0.00024976966,0.00080976315,0.97545165,0.00065518764,0.00030670958,0.00033528448,0.00062573917,0.0005944394,0.00056945597,0.0003595918,11
0.8131204,0.10463741,0.010688103,0.003536299,0.0047764652,0.006232829,0.008918755,0.0033479347,0.0039755944,0.008487696,0.004899849,0.003817697,0.003808239,0.004358228,0.0029527505,0.0036370717,0.0034551418,0.0033099288,0.0020395955,0
0.0117520075,0.030705575,0.0053409683,0.0012119703,0.0020857926,0.0008235093,0.0014434394,0.0015726974,0.0017757613,0.9279398,0.0034498158,0.0016671165,0.0016629864,0.0010512944,0.0020333515,0.0015882407,0.0015376224,0.0014453838,0.0009127099,9
0.000201766,0.00017917804,0.0006162286,0.00020770472,0.99475706,0.0002782194,0.00025963513,0.00026297008,0.00031483965,0.00041275827,0.00040601275,0.00029986879,0.0002991256,0.00014002818,0.0001823388,0.0002856809,0.00027139115,0.00025998498,0.00036524425,4
0.0022280535,0.9303154,0.050640337,0.0008371632,0.0014407521,0.0005571032,0.0009970494,0.0010863338,0.0011991808,0.0010631208,0.0023829453,0.0011515535,0.0011487005,0.0005764437,0.0005878338,0.0010970703,0.0010621059,0.0009983925,0.0006304504,2
0.23328397,0.3471629,0.18369098,0.017452788,0.01661339,0.021231752,0.031021,0.011644704,0.013827819,0.013016767,0.017978838,0.013278625,0.013245729,0.008373588,0.014726889,0.012650376,0.0120175965,0.011512517,0.0072697583,1
0.00032860084,0.0011847278,0.10332081,0.00045308095,0.00041092132,0.00017799648,0.00048299858,0.00030983659,0.00034202207,0.0006792496,0.88961124,0.0003284381,0.0003276244,0.00023502369,0.00024476502,0.00031289877,0.00053107156,0.00028475455,0.0004338967,10
0.007976139,0.48083562,0.46385098,0.0029830458,0.0028395758,0.0010979937,0.001965083,0.0021410533,0.0023634636,0.014758884,0.0026523815,0.0022695947,0.002263972,0.0025909366,0.0020147525,0.0021622141,0.0020540592,0.00196773,0.001212525,1
0.0007078448,0.0014027215,0.004059455,0.00056188565,0.0010149339,0.0007527452,0.00070236874,0.0007652649,0.98112845,0.0023648227,0.0014489106,0.00081120874,0.000809199,0.00037339397,0.00045310185,0.0007728282,0.000734171,0.00070331484,0.0004333861,8
0.0012517304,0.0006731374,0.00066863705,0.001327495,0.0003842859,0.99134314,0.00026593907,0.00026935473,0.00032248365,0.0001474853,0.0004158703,0.0011682775,0.00030638836,0.00014342793,0.00015679051,0.00029261722,0.00042851368,0.00026629714,0.00016815745,5
4.866356e-05,0.9933343,0.00544378,0.00025396902,6.0684826e-05,0.0002396751,4.1995965e-05,4.2535357e-05,5.050977e-05,4.6873392e-05,8.6633045e-05,4.850367e-05,4.8383547e-05,5.5371114e-05,3.92357e-05,4.6208872e-05,4.4736116e-05,4.2052514e-05,2.5912968e-05,1
0.0004336566,0.0005077382,0.0012717943,0.0014820374,0.0011079577,0.0009831884,0.001130091,0.0007249369,0.00080024253,0.00038507002,0.0008980669,0.0007684596,0.0007665558,0.0020074656,0.0015156658,0.0037524754,0.002798982,0.9744735,0.0041920594,17
0.0002178647,0.00041832117,0.00025188364,0.00029023358,0.99032015,0.0002688741,0.0004390177,0.0011768268,0.0003134354,0.00047681903,0.0005625042,0.0008783934,0.0026327225,0.00025602008,0.0001735626,0.0002844067,0.00041649045,0.00025882537,0.00036361517,4
0.0004952045,0.06506548,0.9303527,0.00021574154,0.00038969374,0.0001250232,0.0002696813,0.00029383102,0.00033177,0.00017623263,0.00036400382,0.00031147146,0.00031069983,8.36838e-05,0.00019965546,0.00029673488,0.00028189196,0.0002700447,0.00016640288,2
0.00041714255,0.00021796166,0.00019301256,0.00020764949,0.99449253,0.0003238251,0.0002595661,0.00026290014,0.00031475592,0.00080965087,0.00040590478,0.00029978904,0.00029904605,0.00013999094,0.00017429383,0.00028560494,0.00027131898,0.00025991583,0.0003651471,4
0.000113375114,3.1155207e-05,8.454742e-05,0.9961267,0.0001322266,0.00010257221,0.0011417376,9.2680675e-05,0.00011005609,6.791387e-05,0.00018876554,0.00010568508,0.000105423256,0.0001306739,0.00017701302,0.00010068483,0.00038493975,9.162861e-05,0.000712199,3
0.00045591302,0.00036849888,0.0011208456,0.0011735259,0.0010334707,0.0006606424,0.0010541161,0.0006285956,0.00076979026,0.0009297166,0.0008376908,0.0007167968,0.000715021,0.0003299368,0.00038359777,0.9754891,0.0006611192,0.003002449,0.009669248,15
4.326109e-05,0.9988524,9.967692e-05,0.00020827679,4.9766863e-05,0.00023689879,3.444036e-05,3.4882738e-05,4.1422423e-05,3.2642263e-05,7.4949974e-05,3.9777286e-05,3.9678736e-05,4.60674e-05,3.502892e-05,3.7895312e-05,3.6687557e-05,3.4486766e-05,2.1777203e-05,1
0.0002098273,0.0016774501,0.99762446,2.5276799e-05,4.5657496e-05,1.7654618e-05,3.159654e-05,3.442595e-05,3.800208e-05,2.803787e-05,4.264758e-05,3.6492747e-05,3.6402373e-05,9.804595e-06,2.3392136e-05,3.4766206e-05,3.302717e-05,3.1639087e-05,1.9496161e-05,2
