prob_class_0,prob_class_1,prob_class_2,true_label
0.005103803960100278,0.0026432076426204654,0.9922529883972793,2
0.00072431580172924,0.925460155451957,0.07381552874631366,1
0.000577444549796507,0.0005007601705088714,0.9989217952796947,2
0.9959658828998554,0.00012818620768662576,0.003905930892458035,0
0.001729570403945361,0.0048861328397199495,0.9933842967563348,2
0.9720905802484717,0.023846860619359388,0.004062559132168913,0
0.9820414657096036,0.0018145884511099177,0.016143945839286446,0
0.0020128917178182633,0.8924187591888343,0.10556834909334749,2
0.015770452386209083,0.0021599373873252368,0.9820696102264657,2
0.0018834817561467,0.0008501140716613091,0.9972664041721919,2
0.00036221914408588146,0.006959392378119181,0.9926783884777949,2
0.6767581127726625,0.32121520450036445,0.00202668272697299,0
0.002331758951114714,0.9659957265200926,0.03167251452879269,1
0.7046873378585425,0.027593483019492087,0.2677191791219654,0
0.009151055199464691,0.0011034464057895906,0.9897454983947458,2
0.005512418011060112,0.9661309919523055,0.028356590036634582,1
0.9817264255481054,0.01798644443284809,0.0002871300190464509,0
0.0009412686935894786,0.00033993010918619227,0.9987188011972242,2
0.00038113260403042703,0.9917702143561545,0.007848653039815075,1
0.0007843024961773493,0.0018725123347516322,0.997343185169071,2
0.002469364937511575,0.0016836061698907593,0.9958470288925977,2
0.0015345826995739572,0.01763485621075359,0.9808305610896724,2
0.0027497400325325505,0.9912405470464162,0.0060097129210514,1
6.490567648118734e-05,0.9958697754031187,0.004065318920400138,1
0.9917430005261474,0.0001082141769855258,0.008148785296867023,0
8.600228509599051e-05,0.9987922366797751,0.0011217610351288024,1
0.15360534347955052,0.8325028135862407,0.013891842934208873,1
0.002813543437164522,0.0005966558614823227,0.9965898007013531,2
0.01586913520798852,0.00294390848488644,0.981186956307125,2
0.9904330381605064,0.003013893100246776,0.006553068739246698,0
0.9995856228711112,0.0003438348711277844,7.054225776096205e-05,0
0.00021125449906897402,0.9967605436456328,0.003028201855298186,1
0.0004011446129257697,0.0008646321973480432,0.9987342231897263,2
0.0014835140066129296,0.016833380235135163,0.9816831057582519,2
0.9641204244868785,0.033963933654031185,0.0019156418590903883,0
0.0006650742590914626,0.008939496389938044,0.9903954293509705,2
0.013414752320001663,0.34044067574242987,0.6461445719375685,2
0.9988344398583449,9.323377026557813e-05,0.0010723263713896824,0
0.009728790354807455,0.9774411348255505,0.012830074819642063,1
0.003124316577880559,0.9391998084438694,0.05767587497824987,1
0.9870291011076824,0.005653858595102178,0.0073170402972156205,0
0.008193499541981768,0.9463959049662842,0.04541059549173417,1
0.9234346583166768,0.0007358068337391135,0.07582953484958416,0
0.004795608139292527,0.9886906768241371,0.006513715036570298,1
0.7320584112406635,0.003933615538279646,0.26400797322105696,0
0.0002312410094494491,0.997390923033502,0.0023778359570486084,1
0.0019689712140173667,0.0007327233690266856,0.9972983054169559,2
0.00021370576510051077,0.9800935132128289,0.01969278102207054,1
0.00232907602311852,0.0021898573754443925,0.9954810666014371,2
0.9956103075417043,0.00022108716965164765,0.004168605288643959,0
0.000867749974791666,0.000605645317696732,0.9985266047075116,2
0.029350983825113763,0.0008277671741942402,0.969821249000692,2
0.7513360277584377,0.18323605280874228,0.06542791943282011,0
0.0006270163667156949,0.0021448526120149435,0.9972281310212693,2
0.9942090743030245,0.00021705835317802335,0.005573867343797438,0
0.0049560319833592634,0.01563786669780095,0.9794061013188399,2
0.00043259200744241646,0.0005001164284010826,0.9990672915641566,2
0.9896362489228232,0.0020834559134463165,0.008280295163730543,0
0.0030297697137781033,0.9897223750471216,0.007247855239100327,1
0.00019112994530753484,0.0001853743822139014,0.9996234956724787,2
0.009046297094616264,0.9901831444942226,0.0007705584111612442,1
0.00023360738360631733,6.971890222520355e-05,0.9996966737141686,2
0.0003506027314348811,0.0014769401934408668,0.9981724570751243,2
0.0007603244262150046,0.0004984688041159804,0.998741206769669,2
0.00037540632600673404,0.0007493644669022112,0.998875229207091,2
0.013473165360148169,0.7662294677252293,0.22029736691462262,1
0.8128219546781859,0.0025070890410847507,0.18467095628072935,0
0.9168379279140879,0.0008303287905892042,0.08233174329532285,0
0.010291978547534416,0.03586467870080388,0.9538433427516617,2
0.005050341155860543,0.003810353552749109,0.9911393052913904,2
0.004164248407661101,0.9834558160367661,0.012379935555572817,1
0.9978362898217262,0.0010120524693603215,0.001151657708913334,0
0.0019279378129356758,0.0027128459566551914,0.995359216230409,2
0.0002394594198888141,0.9949889344314035,0.0047716061487077495,1
0.0012315522106873928,0.0038725779551051754,0.9948958698342074,2
6.668918323636246e-05,0.9983513120354072,0.0015819987813564626,1
0.0011487483486628974,0.9914430087560986,0.007408242895238501,1
0.0007123956869765771,0.0015796969709769982,0.9977079073420463,2
0.01225667732986887,0.974935776607339,0.012807546062792158,1
0.0005107303879168484,0.9718001046535902,0.027689164958493013,1
0.0004329424333790188,0.0021828007844023893,0.9973842567822186,2
0.9623091190672444,0.0017046104272659876,0.03598627050548944,0
0.17786527506537894,0.8046237045573272,0.017511020377293872,1
0.0005370852038586751,0.0004827864227418766,0.9989801283733994,2
0.0031058995672800667,0.0038578630550417633,0.9930362373776782,2
0.2838510777046684,0.7089547683898286,0.007194153905503026,1
0.0052056720608221144,0.005811444196199866,0.9889828837429779,2
0.9989241219343395,1.567421324866056e-05,0.0010602038524116732,0
0.9956230748305555,0.004226458741865341,0.00015046642757930256,0
0.001272870469572719,0.02354517500451073,0.9751819545259166,2
0.008987519147228994,0.9154573567837335,0.07555512406903742,2
0.008252540248653042,0.9580333863879987,0.033714073363348154,1
0.0008278612047395353,0.0011900365978990432,0.9979821021973613,2
0.9888651238938376,0.002111711821536622,0.009023164284625832,0
0.00031218782314005396,0.0006255039670823654,0.9990623082097776,2
0.0007581028498953351,0.002037909270572651,0.9972039878795319,2
0.9967677166909159,0.0007176927636527435,0.0025145905454312997,0
0.0013644015496220869,0.9886536150268184,0.00998198342355931,1
0.2349569312158236,0.7579914989084293,0.007051569875747272,1
0.0009643889375429033,0.0015416827073048993,0.9974939283551522,2
0.004368887464480244,0.0013454898693776327,0.9942856226661421,2
0.04302715359137582,0.9550578602743183,0.0019149861343059338,1
0.0011967266971393286,0.0005037923448536905,0.9982994809580069,2
0.0013755989800731897,0.9262725865596365,0.07235181446029026,1
0.0009268379424398394,0.0007294360805412767,0.998343725977019,2
0.00019768978781131317,0.00039150555608206494,0.9994108046561065,2
0.9976501373706546,0.0019307559065798016,0.0004191067227655319,0
0.0011197662628387168,0.46886968340129115,0.5300105503358701,1
0.005334483876347948,0.007626758677258726,0.9870387574463935,2
0.0008886773697344578,0.003971567606254771,0.9951397550240108,2
0.0009172640923378217,0.944599824346879,0.05448291156078326,1
0.0006840000864887053,0.005720483935783415,0.9935955159777279,2
0.4722602637812249,0.01397168303122242,0.5137680531875528,0
0.0013159095002146595,0.0006817328563510776,0.9980023576434343,2
0.9851822452213115,0.0006244739485018324,0.014193280830186498,0
0.0019692664051153817,0.0005557489107373515,0.9974749846841473,2
0.0007018193590252754,0.9926290984421154,0.006669082198859279,1
0.01309066357810717,0.972363085621914,0.014546250799978863,1
0.9666902249220486,0.00603340632293639,0.027276368755014994,0
0.0017306895521133569,0.0014305003610304604,0.9968388100868563,2
0.0059789232704947695,0.0036188024419996703,0.9904022742875056,2
0.0031121725773389933,0.0014689634673164113,0.9954188639553446,2
0.05176261217253149,0.9336112454349003,0.01462614239256822,1
0.00024251266393284583,0.0003243525147230769,0.9994331348213441,2
0.00022227737251929522,0.9954433706370893,0.004334351990391548,1
0.003653005563839375,0.0007065318103807573,0.9956404626257799,2
0.001232337661066533,0.983329776471548,0.015437885867385509,1
0.9870291011076824,0.005653858595102178,0.0073170402972156205,0
0.0008045400581082704,0.0045504180096052425,0.9946450419322864,2
0.9956103075417043,0.00022108716965164765,0.004168605288643959,0
0.9980869386524045,0.0004136517275913001,0.00149940962000431,0
0.004946233122528163,0.1768201548385541,0.8182336120389178,2
0.0006573725258242755,0.0009160599304602261,0.9984265675437156,2
0.0012270960051048642,0.9852800802341894,0.013492823760705633,1
0.9916734688199685,0.0072228907690085435,0.0011036404110230146,0
0.002331758951114714,0.9659957265200926,0.03167251452879269,1
0.7025803346694159,0.2916779058925618,0.005741759438022301,0
0.0006220635520968029,0.001986907406392256,0.997391029041511,2
0.9832464135890586,0.0002742905672018448,0.016479295843739507,0
0.0021077974769794796,0.9628660896726122,0.03502611285040836,1
0.002091542386361741,0.989091358055892,0.008817099557746242,1
0.9989043241055611,0.0010047224555109345,9.095343892789863e-05,0
0.0011651468160431568,0.0005692539953597105,0.9982655991885973,2
0.0023591376524957713,0.001226090443921372,0.9964147719035829,2
0.22008684537624984,0.42038539203594166,0.3595277625878085,2
0.9780261493084463,0.0006402403504065768,0.021333610341146884,0
0.0003011387562171431,0.000304343402011585,0.9993945178417712,2
0.20926549139667305,0.005282131929716944,0.7854523766736101,2
0.000755878971823646,0.0004572670709665028,0.9987868539572098,2
0.014293621872163195,0.0020697977844792745,0.9836365803433575,2
0.00027302433803069097,0.003232925130003705,0.9964940505319657,2
0.0004810100696949223,0.0016702396548793597,0.9978487502754257,2
0.4157379839526234,0.01203776429098617,0.5722242517563905,2
0.0013145042596584518,0.9939416786100183,0.004743817130323152,1
0.0031451546960112433,0.004134922085564719,0.992719923218424,2
0.04302715359137582,0.9550578602743183,0.0019149861343059338,1
0.0008851939587980519,0.0007711511279162697,0.9983436549132857,2
0.006310748623886986,0.027698156932996106,0.9659910944431169,2
0.0002135862526949701,0.9377451644413688,0.062041249305936165,1
0.0009930514008388625,0.9069397884713789,0.0920671601277822,1
0.0010436552743402399,0.00045794156365306076,0.9984984031620067,2
0.0003012150464208069,0.00039565230972700996,0.9993031326438523,2
0.0007569313764266228,0.0019061408593727355,0.9973369277642007,2
0.9861378817095768,0.005009182571881398,0.008852935718541727,0
0.0016929441546364964,0.002714923959629524,0.995592131885734,2
0.004877081481294012,0.9526843654993457,0.04243855301936023,1
0.00043546937542139705,0.9573633843466905,0.042201146277888194,1
0.0004863081891343054,0.001241081840661129,0.9982726099702045,2
0.00698175011836082,0.022958158031588568,0.9700600918500507,2
0.0008623022020532124,0.002107495083866798,0.99703020271408,2
0.0015491875961119474,0.0007621757367140907,0.997688636667174,2
0.07931474108493043,0.0014335750753203967,0.9192516838397491,2
0.14866663021259938,0.00948835615194175,0.8418450136354589,0
0.9983108445020358,0.001553271811495388,0.00013588368646890402,0
0.00792890824848941,0.007826129836631847,0.9842449619148786,2
0.998988366869041,0.00013019013220265963,0.0008814429987564599,0
0.9928165095755119,0.0001917586948537399,0.006991731729634289,0
0.0034112436978228013,0.0011244932087346457,0.9954642630934425,2
0.0005141609504656959,0.9895583508611355,0.009927488188398743,1
0.9936268337797693,0.0024673823615400654,0.003905783858690633,0
0.045931627906906476,0.9489917246921677,0.0050766474009258725,1
0.9711484107526275,0.0011704472553026742,0.027681141992069745,0
0.0047730378006352984,0.9892174627011867,0.0060094994981779665,1
0.012036855455429167,0.014671432045742418,0.9732917124988285,2
0.06207155517396408,0.6718202540270809,0.2661081907989549,1
0.9945742008770717,0.005041438289374248,0.00038436083355414876,0
0.012862275893807954,0.00519897743941591,0.981938746666776,2
0.00023052146150068066,0.00014525585716570805,0.9996242226813337,2
0.0017374592148915976,0.009727983237113056,0.9885345575479954,2
0.9979562443770177,0.00038845088578071444,0.0016553047372016322,0
0.9978937975515396,0.0018835041536873598,0.00022269829477312064,0
0.001862917155741595,0.0026247550104522544,0.995512327833806,2
0.02503785526091229,0.9737711046365755,0.0011910401025123712,1
0.0020959214209465356,0.0018012907120168418,0.9961027878670365,2
0.0017070977137417724,0.006019521960514256,0.9922733803257439,2
0.8105668104756184,0.16710804926401449,0.02232514026036725,0
0.01158330285262438,0.0014704306564426908,0.9869462664909329,2
0.0012624925395600575,0.7979825181076537,0.20075498935278618,1
0.9565419240503643,0.00035752769899535813,0.043100548250640545,0
0.9829455368197029,0.0005176695904913854,0.016536793589805834,0
0.00044877973356483605,0.877638153532102,0.12191306673433333,2
0.9965507363614486,0.0001443961481798341,0.0033048674903715424,0
0.0013125061158800863,0.032888220797009975,0.9657992730871099,2
0.003318767276192954,0.014477577468312538,0.9822036552554945,2
0.0004152698470643964,0.0014627422676748976,0.9981219878852606,2
0.034798863709090966,0.03252863248591342,0.9326725038049956,2
0.010613219452593017,0.013060657960303758,0.9763261225871033,2
0.9952303393555749,0.0007514950438568645,0.004018165600568153,0
0.9871649968272412,0.0037595733328636472,0.009075429839895177,0
0.002791288430468564,0.9548821995190135,0.042326512050517864,1
6.876815088845753e-05,0.9996579945264827,0.00027323732262885463,1
0.004957602029604854,0.005732060757438219,0.9893103372129568,2
0.020529117998792153,0.6483815567725296,0.33108932522867823,2
0.00014811835430770306,0.0011931893181738296,0.9986586923275186,2
0.9652035441689112,0.011203352811756674,0.023593103019332012,0
0.004219307312334462,0.013438735101444534,0.982341957586221,2
0.0016608226714308679,0.0009776123427800347,0.9973615649857891,2
0.000526253523517933,0.004708380192442374,0.9947653662840396,2
0.015373032026287545,0.03606623233793334,0.9485607356357791,2
0.2668540230314857,0.6878519856515068,0.0452939913170073,1
0.9816177771554367,0.016788562288742346,0.0015936605558208524,0
0.762682671263902,0.004905139459664087,0.2324121892764339,0
0.9929333343892776,0.005292687653862576,0.0017739779568599198,0
0.0023640984322457655,0.006353429926134481,0.9912824716416199,2
0.003948896393042638,0.00048065556312904033,0.9955704480438282,2
0.010093439435199072,0.04612199764539823,0.9437845629194026,2
0.004521617016218879,0.0016539910938279663,0.9938243918899532,2
0.0073284248328075955,0.005927917599868285,0.9867436575673241,2
0.0003484215135929328,0.002088697268144086,0.997562881218263,2
0.04701339708386042,0.9136046403432232,0.03938196257291637,1
0.04104378000497676,0.0024117082657872566,0.956544511729236,2
0.00019645324679551124,0.9964045477506474,0.0033989990025571487,1
0.003262198938665407,0.0006029713407096533,0.996134829720625,2
0.00047428025822157725,0.0017642868543994853,0.997761432887379,2
0.003741870006410169,0.9907611838979299,0.005496946095659922,1
0.025051059896362988,0.9710827698767437,0.0038661702268933625,1
0.0019778801523868328,0.0023863799487941623,0.995635739898819,2
0.0031240770287181336,0.006232964070600108,0.9906429589006817,2
0.0014886250429457812,0.0008559373300678891,0.9976554376269864,2
0.0031919311105595427,0.9668841911079452,0.029923877781495307,1
0.00012398792014650697,0.00018030756172548188,0.999695704518128,2
0.11411144094181662,0.6072417457119229,0.2786468133462604,2
0.010152665570710732,0.8514022702940597,0.13844506413522956,1
0.004409536026374424,0.0019033951882253528,0.9936870687854003,2
0.0032218504415424424,0.37694957698386494,0.6198285725745927,1
0.9947911066320552,0.000183338111302787,0.005025555256642072,0
0.0670959731185384,0.0038729796117345436,0.9290310472697271,2
0.9484455123169666,0.0008988946490291976,0.05065559303400413,0
0.9301997976010363,0.0017256392713836805,0.06807456312758016,0
0.0003834437951783227,0.003822307476225914,0.9957942487285958,2
0.9795429162768077,0.008907481663496395,0.011549602059696023,0
0.0003187037751872152,0.0011514262933410243,0.9985298699314716,2
0.904759761186465,0.0006228168970404733,0.09461742191649444,0
0.00032769106547735034,0.9777113035464757,0.021961005388047093,1
0.000763742241310224,0.00354447802249445,0.9956917797361953,2
0.0017516763262650254,0.004379053453102653,0.9938692702206322,2
4.5139960846235024e-05,0.9993202513041473,0.0006346087350065132,1
0.9870650256282244,0.012555348918924195,0.0003796254528512155,0
0.0005429855874145826,0.0014037563647597599,0.9980532580478257,2
0.020108795946458657,0.5771267322810599,0.4027644717724814,2
0.000629320249525939,0.9920949308828645,0.007275748867609511,1
0.9911726473132076,0.007282514485832129,0.0015448382009602152,0
0.0008284661089627287,0.00038095899676491576,0.9987905748942724,2
8.18414494760566e-05,0.9901846876643995,0.00973347088612448,1
0.0012332806421702061,0.0061847530858009925,0.9925819662720289,2
0.9650959651015686,0.0006099243198750833,0.03429411057855637,0
0.8619322913653659,0.0007374567442133032,0.13733025189042092,0
0.0005411897055058718,0.0013321922763493816,0.9981266180181448,2
0.007253218889963992,0.002145876473946908,0.9906009046360891,2
0.0002698649929693116,0.000649091213659475,0.9990810437933711,2
0.0009119875568409839,0.0019593873090993663,0.9971286251340595,2
0.5460965499533488,0.3674807452673479,0.08642270477930333,0
0.00017121795400418398,0.000313137515022007,0.9995156445309737,2
0.9044256903265984,0.003577908188536087,0.09199640148486551,0
0.00041261078650250174,0.015044896070366683,0.9845424931431307,2
0.0006478111261268924,0.0008236769302975726,0.9985285119435756,2
0.003784979256600201,0.002408178468904706,0.9938068422744951,2
0.9763099803791355,7.641316608226722e-05,0.023613606454782245,0
0.004337181706522937,0.008534590240293606,0.9871282280531835,2
0.01880268927049409,0.0018280451265318175,0.979369265602974,2
0.0037585049593362833,0.0012987796232353929,0.9949427154174283,2
0.05824865582613842,0.36412288721371533,0.5776284569601463,1
0.9831095253819729,0.015297924934871344,0.0015925496831555926,1
0.0005836110975323642,0.00028379321412717276,0.9991325956883405,2
0.0002861429726827184,0.0006597757479496185,0.9990540812793676,2
0.9904678190777563,0.006346140519170454,0.003186040403073248,0
0.9642126962943052,0.005096887388931467,0.030690416316763353,0
0.9945802615011323,0.0019856030773773036,0.003434135421490334,0
0.013042282065750616,0.0007895008148111484,0.9861682171194383,2
0.005912809687147401,0.004142868369827006,0.9899443219430255,2
0.963023662654914,0.0017392258209145011,0.03523711152417151,0
0.9515837986723437,0.042082843320123034,0.006333358007533324,0
0.04634674096227624,0.9446337380928762,0.009019520944847472,1
0.006266345459155298,0.12191388972280241,0.8718197648180422,2
0.006118035069285913,0.00019962438352988106,0.9936823405471843,2
0.011469493042102505,0.07619495156133703,0.9123355553965604,2
0.10593695524040865,0.04636550929173558,0.8476975354678558,2
0.000517932755191357,0.004599239776051089,0.9948828274687577,2
0.9827137012720555,0.0015762570962810924,0.01571004163166325,0
0.00021182240816263313,0.002013483162037543,0.9977746944297997,2
0.43301786413116333,0.08144772863980275,0.48553440722903407,0
0.0007248344531607814,0.0027882257114371523,0.996486939835402,2
0.0037547232647675084,0.004034734547885644,0.9922105421873469,2
0.9912732405427797,0.002770695321300655,0.005956064135919647,0
0.0008119570790726401,0.000753491743777008,0.9984345511771504,2
0.010371383052335986,0.7424939480509755,0.24713466889668845,2
0.0016249390031602487,0.9883682503119458,0.010006810684894046,1
0.004524216082734032,0.9901427709362389,0.005333012981027036,1
0.007798058413474502,0.001270732758066986,0.9909312088284585,2
0.07507517756057679,0.825339274725773,0.09958554771365026,1
0.912975663333446,0.08423673058299588,0.0027876060835579424,1
0.9923043282218726,0.006410650170557223,0.0012850216075700079,0
0.35586022700246034,0.021448089820180535,0.6226916831773591,2
0.0009857637186737142,0.002203218671336395,0.9968110176099899,2
0.0004569696277517812,0.9959893042188015,0.003553726153446787,1
0.020878269161866,0.20935326848145439,0.7697684623566796,1
0.001386039333872119,0.0040240978685962625,0.9945898627975317,2
0.00044121454329553144,0.9672177365985887,0.03234104885811601,1
0.00019876188176605637,0.9961387447257459,0.003662493392488035,1
0.0005188262057213604,0.00044364134152317995,0.9990375324527554,2
0.9888680898349418,0.00035173519118618916,0.010780174973872115,0
0.0012970755519168314,0.0007447641828102987,0.9979581602652728,2
0.00045027442241582765,0.002480041537016398,0.9970696840405678,2
0.0013485343731255497,0.9418821229104091,0.056769342716465346,1
0.0016261661216118728,0.0002221388869827386,0.9981516949914053,2
0.0011784325523113031,0.001237510879083468,0.9975840565686053,2
0.0034757059372910112,0.26790666246292993,0.7286176315997791,2
0.9989447395001222,0.0008163662405403611,0.00023889425933739262,0
0.0007752038315665106,0.000935902788657631,0.9982888933797759,2
0.9969238090436481,0.0004662970060875525,0.0026098939502645067,0
0.004910087752758558,0.9424296900873882,0.05266022215985339,1
0.0012024524135019479,0.001601420215113386,0.9971961273713846,2
0.0053580162138948,0.01732114571296609,0.9773208380731391,2
0.015070642165857307,0.006980398580996906,0.9779489592531457,2
0.000707651934782861,0.0007105798909821263,0.998581768174235,2
0.0003120974010142777,0.00174389550581776,0.9979440070931681,2
0.9522425070924974,0.0005256087311885135,0.047231884176314104,0
0.28711301740291073,0.0046037773995912835,0.708283205197498,2
0.9967600468269939,0.0014392683504370807,0.0018006848225690527,0
0.04320900933166756,0.004031756036557544,0.9527592346317749,2
0.005445252417370203,0.9771545347630962,0.01740021281953364,1
0.011909645667068052,0.37232425721478335,0.6157660971181487,2
0.028912569398037654,0.00033967399346213165,0.9707477566085001,2
0.0007710958973938086,0.5243184484379365,0.4749104556646696,2
0.0004383730545762389,0.0012115171089850212,0.9983501098364388,2
0.740317756524486,0.23690478783474783,0.02277745564076615,0
0.0027526709502061143,0.0002535363563416164,0.9969937926934521,2
0.0003958362986739347,0.9924327974863494,0.007171366214976474,1
0.9256515000521628,0.07278086061849591,0.0015676393293413565,0
0.00013989575031698754,0.0008235423933048032,0.9990365618563781,2
0.00198069667913402,0.0004789076802138525,0.9975403956406521,2
0.9820227721126125,0.00046884620474690734,0.01750838168264063,0
0.00023735733874974893,0.0004306550106658232,0.9993319876505844,2
0.009244036194200904,0.004166755093793108,0.9865892087120061,2
0.012841837748596567,0.000485633821783863,0.9866725284296196,2
0.00836513205794681,0.004667871167086508,0.9869669967749667,2
0.998339054587972,5.301154787318668e-05,0.0016079338641547774,0
0.0008706202842629612,0.9954221321368834,0.0037072475788538623,1
0.0015235854819792836,0.0004006397475228549,0.998075774770498,2
0.00019807144551807704,0.0001159504652022349,0.9996859780892797,2
0.0005078018728964598,0.005103444679694182,0.9943887534474093,2
0.9975019096762464,0.0013102605440159986,0.001187829779737386,0
0.0011528299188536138,0.9660163516653497,0.032830818415796506,1
0.388472000286958,0.5785841491281026,0.03294385058493938,1
0.023100774739237787,0.0008230797466826536,0.9760761455140795,2
0.9972491284981883,0.00039416140005800243,0.0023567101017536443,0
0.0005252519384438506,0.0014076036815858612,0.9980671443799702,2
0.00013732852117164752,0.00021919173833909267,0.9996434797404893,2
9.930857172679212e-05,0.00022816125937909402,0.999672530168894,2
0.0015872479305764876,0.0019072532727971451,0.9965054987966264,2
0.0008124472949232918,0.9935704751568423,0.005617077548234459,1
0.000463199816318844,0.00019565705754974832,0.9993411431261314,2
0.0004113995670075299,0.9928474902001874,0.006741110232805122,1
0.9905808733458338,0.0006042885693509067,0.008814838084815224,0
0.013049043281187429,0.0056660490637371495,0.9812849076550754,2
0.004424575900510688,0.0009192499649880764,0.9946561741345011,2
0.9684483634297011,0.0009090143121919679,0.03064262225810715,0
0.005904094237181461,0.986129376391989,0.007966529370829594,1
0.004446962616597864,0.0034623442790656937,0.9920906931043365,2
0.0009185610463851914,0.00393970331157073,0.9951417356420441,2
0.9703449824741568,0.027423838787118557,0.0022311787387245263,0
0.0007852056034698663,0.001692750054957023,0.9975220443415732,2
0.001230101495577096,0.9736129307367597,0.025156967767663112,1
0.1800205285308102,0.766425730525918,0.05355374094327191,1
0.9980834783190403,0.0003679455790474278,0.001548576101912193,0
0.08469107090431792,0.002473250060512535,0.9128356790351695,2
0.003926373705624914,0.009699773553936565,0.9863738527404384,2
0.9448329935444936,0.0010780912943105573,0.054088915161195766,0
0.0010940934046480572,0.0029738366187102437,0.9959320699766416,2
0.0010037745161131104,0.9903508701166738,0.0086453553672131,1
0.0016301363990702214,0.0006330345043919012,0.9977368290965378,2
0.0008748155862714609,0.9903259143683179,0.008799270045410647,1
0.0036204505334849024,0.0034955820077150726,0.9928839674588001,2
0.9299939146586528,0.03707366028270413,0.03293242505864312,0
0.0009732597748080021,0.0009364997495704185,0.9980902404756214,2
0.0007477828267545078,0.0025172392253322413,0.9967349779479132,2
0.08547816574986818,0.9112618287751192,0.0032600054750126684,1
0.993541897024559,0.0005166818708762433,0.005941421104564782,0
0.0008209754174866279,0.9765551110462323,0.02262391353628097,1
0.8856408067790343,0.08156091424732177,0.032798278973643964,0
0.0019321978362797187,0.0013790706828936867,0.9966887314808265,2
0.9880739183520103,0.00035414975964115185,0.01157193188834862,0
0.00057747908642823,0.9945444784448588,0.0048780424687129694,1
0.9637924722365544,0.016552120318878868,0.019655407444566658,0
0.0008726508719072838,0.001186090221499999,0.9979412589065928,2
0.00011345436343500799,5.769089564369094e-05,0.9998288547409212,2
0.0746321006461312,0.9119741363273576,0.013393763026511253,1
0.014256979662201364,0.7419271946801165,0.24381582565768212,1
0.0010756007476223415,0.9232052385435029,0.07571916070887486,1
0.0030273281616322242,0.0008181825235006241,0.9961544893148672,2
0.005577183725535244,0.0022391463871075865,0.9921836698873571,2
0.007997223499190216,0.0034007604317298616,0.9886020160690799,2
0.0007375275266764929,0.0005024821681312626,0.9987599903051921,2
0.00020651349459490647,0.9965947694659691,0.0031987170394359083,1
0.9998005230723406,1.1525026216891819e-05,0.00018795190144240697,0
0.026488004822346704,0.9271211133147902,0.04639088186286307,2
0.0001807332719053595,0.0006078420389504044,0.9992114246891443,2
0.00046496411934901684,0.9909304965577507,0.008604539322900387,1
0.001549755204583113,0.0011374636061091462,0.9973127811893078,2
0.00637747947642832,0.009702329991516191,0.9839201905320555,2
0.995596931680242,0.004289196226985915,0.0001138720927720552,0
0.9988421793699374,0.0010462374186130461,0.00011158321144946584,0
0.9910986088171623,0.000645841470821743,0.008255549712016187,0
0.00038180089372912837,0.8600284544122254,0.13958974469404525,1
0.0016855085417284228,0.0004886905607145395,0.997825800897557,2
0.00857833328571341,0.9720218375207191,0.01939982919356755,1
0.0008600551189606599,0.00018881083649483673,0.9989511340445446,2
0.0012061201023928119,0.00029341360759362533,0.9985004662900137,2
0.0007716837291537797,0.002318313655414198,0.9969100026154322,2
0.9404778382961303,0.0030455361129178484,0.05647662559095186,0
0.0007236958555896687,0.0015785961942617129,0.9976977079501487,2
0.9926392462820618,0.006445780305960397,0.0009149734119777999,0
0.000453977884303347,0.0006327650274016022,0.9989132570882951,2
0.00473094348139701,0.02086130533751553,0.9744077511810874,2
0.9829455368197029,0.0005176695904913854,0.016536793589805834,0
0.07524964213759572,0.06101412121528794,0.8637362366471163,2
0.42808275120805056,0.00043474604962500757,0.5714825027423245,0
0.0026426115914378353,0.002491291017726081,0.9948660973908361,2
0.0026169244389823328,0.984746156850316,0.012636918710701738,1
0.000556817214702853,0.0013481206705835077,0.9980950621147135,2
0.9984369913524714,0.00015791130547496526,0.0014050973420537635,0
0.0047804252712924655,0.00118366011591851,0.9940359146127891,2
0.0004924923228164629,0.9912888178741976,0.008218689802985856,1
0.001477240354691756,0.0027882048960721417,0.9957345547492361,2
6.847497312967533e-05,0.9892262166150989,0.010705308411771393,1
0.9599520357999002,0.011055990086539047,0.028991974113560685,0
0.0015660423645829816,0.0020984718417407363,0.9963354857936761,2
0.996237170761726,0.0037337349259351847,2.9094312338812054e-05,0
0.016995766937931072,0.71235164398068,0.27065258908138895,2
0.0009301166179013866,0.0011311977405641077,0.9979386856415345,2
0.01962974171578791,0.8137356633705896,0.16663459491362256,1
0.0025264902983263156,0.9805208915315319,0.01695261817014167,1
0.000538101125008784,0.00042350771025609466,0.999038391164735,2
0.23358624195996192,0.7325480555746081,0.033865702465430005,1
0.003097922483898976,0.0014217998741098566,0.9954802776419912,2
0.9973123032996462,0.002224667665605294,0.00046302903474852714,0
0.9645344851494283,0.0007750572814407814,0.03469045756913092,0
0.0025256487440759924,0.9796580081671427,0.01781634308878129,1
0.00023461068855897208,0.00040049099001845137,0.9993648983214226,2
0.0020093222899552825,0.004658246707366818,0.993332431002678,2
0.9939740934727815,0.0011464451796390218,0.004879461347579577,0
0.001707259400345424,0.0015399192032078326,0.9967528213964468,2
0.9763164693401812,0.01837692666095164,0.005306603998867226,0
0.8285071637669136,0.008867312968760768,0.16262552326432572,0
0.00038180089372912837,0.8600284544122254,0.13958974469404525,1
0.0009610773602220302,0.02006570818190764,0.9789732144578703,2
0.9981606682565277,0.00034575036925821274,0.0014935813742141665,0
0.00026813497445004946,0.9841668555265377,0.015565009499012114,1
0.006350385648517535,0.01256617156076916,0.9810834427907134,2
0.9985921081403051,0.0001476618563848986,0.0012602300033099532,0
0.010942652053118077,0.6360902511280648,0.3529670968188171,2
0.9447127468758495,0.0008847472255118041,0.05440250589863878,0
0.9932455763082563,0.006638335762297418,0.00011608792944626622,0
0.9738809646057373,0.0004385204647626712,0.025680514929499992,0
0.9625872953967003,0.001261410849299796,0.036151293754,0
0.021417856680757977,0.02119805933671574,0.9573840839825263,2
0.9986440152482047,0.00098349796892172,0.0003724867828735115,0
0.013377022389367997,0.007163816501323427,0.9794591611093084,2
0.008241645481289422,0.001847419020358581,0.9899109354983519,2
0.008741107806003628,0.9568528380411435,0.034406054152852715,1
0.9808505171078833,0.000528118034479933,0.018621364857636786,0
0.9987679482584273,0.00011243980190162148,0.0011196119396711841,0
0.8559340934985625,0.0011319084810787624,0.14293399802035858,0
0.0006646560941797462,0.0024027043698479026,0.9969326395359724,2
0.0005582815069485475,0.9781304194172102,0.021311299075841002,1
0.8690968994917833,0.0009552299155534324,0.12994787059266327,2
0.0005929685546043165,0.0019282821375063634,0.9974787493078894,2
0.0014958966305370766,0.010266849252036199,0.9882372541174268,2
0.0004415000283626419,0.001451861059733926,0.9981066389119033,2
0.9960067380437767,0.0002088825521541004,0.003784379404069187,0
0.9802438848566158,0.01941119187774028,0.00034492326564377983,0
0.00817565209423325,0.0013662307421312698,0.9904581171636354,2
0.0021077974769794796,0.9628660896726122,0.03502611285040836,1
0.9790814881471577,0.018749576947569426,0.002168934905273021,0
0.007780420145831262,0.017847435424823612,0.974372144429345,2
0.0018099208322463873,0.009825203095715445,0.9883648760720382,2
0.000266868107379246,0.0003028241796029633,0.9994303077130177,2
0.965472391944133,0.0008888685034663476,0.033638739552400515,0
4.881999613384385e-05,0.9990537625883176,0.0008974174155484675,1
0.0007042087930178654,0.9827739704138566,0.01652182079312566,1
0.006783266759795122,0.008964034078526074,0.9842526991616788,2
0.004862056988990138,0.0006880815940659709,0.9944498614169439,2
0.000130721112406774,0.9967823876468965,0.0030868912406966102,1
0.9987103428739831,0.0012320615863265093,5.759553969046354e-05,0
0.0035376298808169346,0.006114778333119127,0.990347591786064,2
0.00048549945259701864,0.975625168790929,0.02388933175647407,1
0.997962373455696,0.00019601346648702773,0.0018416130778170549,0
0.0069500518705194496,0.04164728664390454,0.9514026614855761,2
0.0005134491973772712,0.00029171847236922463,0.9991948323302535,2
0.0004716487231984311,0.9945280923510885,0.005000258925712973,1
0.004083114567890597,0.5132745538670966,0.48264233156501274,2
0.0006789808947082547,0.0011587941458792285,0.9981622249594125,2
0.0015078302763961325,0.0012456639442016307,0.9972465057794023,2
0.9648708042957512,0.013529619545162132,0.02159957615908659,0
0.0031254042425344314,0.002477594780802689,0.9943970009766628,2
0.0018104999389592328,0.0012131986952998292,0.9969763013657409,2
0.0008171650398321706,0.0003876808973448084,0.9987951540628229,2
0.011253949154525739,0.004474845244170576,0.9842712056013037,2
0.0006580640220697145,0.0017917849800634102,0.9975501509978668,2
0.00018826252795134857,0.9866976961773672,0.013114041294681607,1
0.0032231309934014772,0.0046145033342304565,0.9921623656723682,2
0.9932723473716353,0.0016547850833703102,0.005072867544994342,0
0.001185518383988795,0.0029581295739094945,0.9958563520421017,2
0.982703354866534,0.017160992121372957,0.00013565301209300245,0
0.0004113995670075299,0.9928474902001874,0.006741110232805122,1
0.003991405045607824,0.002147877527099655,0.9938607174272925,2
0.0010947960448110204,0.020250629451557388,0.9786545745036316,2
0.0010400298639699568,0.5818624484470705,0.4170975216889596,1
0.40595662743963923,0.5503020551035871,0.043741317456773766,1
0.015791178902541496,0.005257834370082108,0.9789509867273763,2
0.005760979992570348,0.06632194155277998,0.9279170784546497,2
0.022047187757139024,0.0008307574510615352,0.9771220547917996,2
0.00089072856204412,0.9855785193798341,0.013530752058121792,1
0.004907320583528481,0.001432597648588717,0.9936600817678829,2
0.0005738973024803352,0.0009828077515826891,0.998443294945937,2
0.0004570268619043798,0.9946050122282392,0.004937960909856522,1
0.0006881479962912658,0.9533000591782204,0.04601179282548831,1
0.00030965113492268997,0.9812766789029725,0.018413669962104872,1
0.003030878888693853,0.7569144510144099,0.24005467009689627,1
0.0027017301583928026,0.002525905015045499,0.9947723648265617,2
0.0003598716505524409,0.9953892821589481,0.004250846190499417,1
0.9995928274053367,0.00024742184124811295,0.0001597507534151788,0
0.050619610868289804,0.0031276374507035495,0.9462527516810068,2
0.9944345753948166,0.002217183549893267,0.0033482410552900855,0
0.992451390281622,0.0008051367549143257,0.006743472963463622,0
0.022233354003653928,0.0007790048137019332,0.9769876411826441,2
0.01055234151085242,0.0037481214396926973,0.9856995370494549,2
0.01052706499145594,0.0002578384832998806,0.9892150965252441,2
0.009713107077298623,0.6628283286298225,0.32745856429287884,2
0.9977816789966405,0.0015213159566501296,0.0006970050467093285,0
0.0003047435412037951,0.0007220116792377919,0.9989732447795583,2
0.0030274535825659476,0.0024465605847438085,0.9945259858326904,2
0.12803468135409168,0.7832039164258356,0.08876140222007263,2
0.0015137640548491232,0.0030502530830143143,0.9954359828621366,2
0.0007786824379105909,0.0008146919348815292,0.9984066256272078,2
0.9652035441689112,0.011203352811756674,0.023593103019332012,0
0.00023538247623071788,0.9477990292817372,0.05196558824203208,1
4.943519527630759e-05,0.9928396150286591,0.007110949776064544,1
0.0034168496593726984,0.9800154346175988,0.016567715723028367,1
0.001365433112889393,0.011011192824727687,0.987623374062383,2
0.9910986088171623,0.000645841470821743,0.008255549712016187,0
0.0016249390031602487,0.9883682503119458,0.010006810684894046,1
0.0010738149065823578,0.0012210057850820675,0.9977051793083357,2
0.0026068215193416687,0.004375773619657339,0.9930174048610011,2
0.00024827754026438833,0.005898062581037819,0.9938536598786979,2
0.0001913163184245741,0.9977532650447261,0.0020554186368493287,1
0.005763516468936655,0.0003526948246290438,0.9938837887064342,2
0.00891410122559223,0.9486758579162116,0.04241004085819629,1
0.0021077974769794796,0.9628660896726122,0.03502611285040836,1
0.013451013450191963,0.0023440978283610385,0.984204888721447,2
0.0029526346099273395,0.9785487574257029,0.018498607964369734,1
0.0002741113395596784,0.0014549651468405925,0.9982709235135998,2
0.9894975553264219,0.010056029793915773,0.0004464148796620692,0
0.7985318671871445,0.20045628237181906,0.0010118504410364267,1
0.002028033449894727,0.004147637167962703,0.9938243293821426,2
0.005876327292012343,0.005248045323018529,0.988875627384969,2
0.00034071695598194944,0.0011778575019373194,0.9984814255420807,2
4.943519527630759e-05,0.9928396150286591,0.007110949776064544,1
0.0011847553729656894,0.9953353713676766,0.003479873259357784,1
0.004528210627933196,0.0034090704585210936,0.9920627189135457,2
0.0016970018582155644,0.010906727354365313,0.9873962707874192,2
0.000975981941312293,0.01958230023291339,0.9794417178257744,2
0.00039602065793480204,0.0037076368469467166,0.9958963424951184,2
0.008212285078774953,0.0007968212035345514,0.9909908937176904,2
0.0513642528258531,0.006928513340109795,0.941707233834037,2
0.00010487161664241928,0.9773930130424465,0.02250211534091081,1
0.008486022989649804,0.9794782131174284,0.012035763892921861,1
0.0008177727780604792,0.00046864201950833886,0.9987135852024311,2
0.0005227216624878216,0.0014497437734856853,0.9980275345640265,2
0.0015737969621528913,0.9224714386220648,0.0759547644157823,1
0.00030851426198472295,0.00048260183446298307,0.9992088839035522,2
0.0006460908001386952,0.00024425631041788995,0.9991096528894434,2
0.0010799776886902378,0.0006844878704949239,0.9982355344408148,2
0.05309173277073279,0.9437094216055815,0.003198845623685712,1
0.001582379235279694,0.00047377045360076934,0.9979438503111195,2
0.00014052230974110193,0.0008305521628493359,0.9990289255274095,2
0.9982494286103544,0.00019719130561536336,0.001553380084030241,0
0.0006451863003633391,0.003400478125032085,0.9959543355746047,2
0.002834203020481627,0.012195942689380002,0.9849698542901383,2
0.0024090888179891137,0.004330676554392915,0.993260234627618,2
0.00013796584028708008,0.9924483658882084,0.00741366827150472,1
0.004829271221024273,0.042997371283808754,0.952173357495167,2
0.9928688219637842,0.005623320763626647,0.0015078572725892424,0
0.0030328857250089022,0.993905238062062,0.0030618762129291876,1
0.5390468963487057,0.4528287622924348,0.008124341358859467,1
0.0005921521582920526,0.9650815479757733,0.03432629986593461,1
0.9974252564540308,0.0019137934058403307,0.0006609501401289997,0
0.029305440498964462,0.00041230800337997166,0.9702822514976556,2
0.9948256522722843,0.00021750545117592052,0.004956842276539657,0
4.4191477622054866e-05,0.9954100178364764,0.004545790685901349,1
0.005820379530644235,0.0001653513675174999,0.9940142691018382,2
0.8011849499730699,0.19144933879155854,0.007365711235371502,0
0.0021565742707636355,0.9887714234112746,0.009072002317961634,1
0.9761089128920483,0.00018120519652234217,0.023709881911429413,0
0.0005978455714151875,0.009397453682596087,0.9900047007459887,2
0.003494199032566045,0.0017227835412381922,0.9947830174261958,2
0.0006445800979104566,0.0010152356957839064,0.9983401842063058,2
0.9680210490754168,0.0014798346906961112,0.030499116233887232,0
0.000553327190583716,0.002287411207464752,0.9971592616019515,2
0.001923662507421938,0.050317655132393606,0.9477586823601843,2
0.9889566942197436,0.00111892553819842,0.009924380242057978,0
0.059607514321402905,0.3121707645833491,0.628221721095248,2
0.002762172836860409,0.002025851535855655,0.995211975627284,2
0.022055203653069348,0.002064403505215653,0.9758803928417151,2
8.687031859529994e-05,0.9780672518471933,0.021845877834211234,1
0.9913432216436355,0.00023063794105556397,0.008426140415308847,0
0.0020843449807101933,0.0008410256437802392,0.9970746293755095,2
0.0010415825551437243,0.000740594807767675,0.9982178226370885,2
0.9851822452213115,0.0006244739485018324,0.014193280830186498,0
0.03387053207666665,0.0008398480652075096,0.9652896198581259,2
0.001530418753439389,0.0019162226781847497,0.9965533585683759,2
0.0074616468666167425,0.0024350969046288934,0.9901032562287545,2
0.0017135029583839638,0.16149015824624235,0.8367963387953737,1
0.001677875181208179,0.002818099272059972,0.9955040255467318,2
0.9851822452213115,0.0006244739485018324,0.014193280830186498,0
